{
  "nbformat": 4,
  "nbformat_minor": 0,
  "metadata": {
    "colab": {
      "provenance": [],
      "authorship_tag": "ABX9TyNoljz+6mIrH0jSCAMrsYwF",
      "include_colab_link": true
    },
    "kernelspec": {
      "name": "python3",
      "display_name": "Python 3"
    },
    "language_info": {
      "name": "python"
    }
  },
  "cells": [
    {
      "cell_type": "markdown",
      "metadata": {
        "id": "view-in-github",
        "colab_type": "text"
      },
      "source": [
        "<a href=\"https://colab.research.google.com/github/ErikaAZapanaZ/matematica-computacional/blob/main/Examen.ipynb\" target=\"_parent\"><img src=\"https://colab.research.google.com/assets/colab-badge.svg\" alt=\"Open In Colab\"/></a>"
      ]
    },
    {
      "cell_type": "code",
      "source": [],
      "metadata": {
        "id": "LCwTMNh9czDy"
      },
      "execution_count": null,
      "outputs": []
    },
    {
      "cell_type": "code",
      "source": [
        "# CELDA 1: CREAR LIBRERIA.PY\n",
        "%%writefile /content/libreria.py\n",
        "import numpy as np\n",
        "\n",
        "def interCambiaFilas(A,fil_i,fil_j):\n",
        "    A[[fil_i,fil_j],:]=A[[fil_j,fil_i],:]\n",
        "\n",
        "def operacionFila(A,fil_m, fil_piv, factor):\n",
        "    A[fil_m,:]= A[fil_m,:]- factor*A[fil_piv,:]\n",
        "\n",
        "def reescalaFila(A,fil_m,factor):\n",
        "     A[fil_m,:]= factor*A[fil_m,:]\n",
        "\n",
        "def escalonarMatriz(A):\n",
        " nfila=A.shape[0]\n",
        " ncol=A.shape[1]\n",
        "\n",
        " for j in range(0,nfila):\n",
        "     for i in range(j+1, nfila):\n",
        "         ratio=A[i,j]/A[j,j]\n",
        "         operacionFila(A,i,j,ratio)\n",
        "\n",
        "def escalonaConPiv(A):\n",
        "    nfila=A.shape[0]\n",
        "    ncol=A.shape[1]\n",
        "\n",
        "    for j in range(0,nfila):\n",
        "      imax=np.argmax(np.abs(A[j:nfila,j]))\n",
        "      interCambiaFilas(A,j+imax,j)\n",
        "\n",
        "      for i in range(j+1, nfila):\n",
        "         ratio=A[i,j]/A[j,j]\n",
        "         operacionFila(A,i,j,ratio)\n",
        "\n",
        "def ceros_en_diagonal(A):\n",
        "    nfila=A.shape[0]\n",
        "    ncol=A.shape[1]\n",
        "    for i in range(nfila):\n",
        "     for j in range(ncol):\n",
        "      if i == j:\n",
        "        A[i][j] = 0\n",
        "    return A\n",
        "\n",
        "def sustRegresiva(A,b):\n",
        "   N= b.shape[0]\n",
        "   x= np.zeros((N,1))\n",
        "   for i in range (N-1,-1,-1):\n",
        "      x[i,0]=(b[i,0]-np.dot(A[i,i+1:N],x[i+1:N,0]))/A[i,i]\n",
        "   return x\n",
        "\n",
        "def sustProgresiva(A,b):\n",
        "   N= b.shape[0]\n",
        "   x= np.zeros((N,1))\n",
        "   for i in range (0,N):\n",
        "      x[i,0]=(b[i,0]-np.dot(A[i,0:i],x[0:i,0]))/A[i,i]\n",
        "   return x\n",
        "\n",
        "def GaussElimSimple(A,b):\n",
        "   Ab=np.append(A,b,axis=1)\n",
        "   escalonarMatriz(Ab)\n",
        "   A1=Ab[:,0:Ab.shape[1]-1].copy()\n",
        "   b1=Ab[:,Ab.shape[1]-1].copy()\n",
        "   b1=b1.reshape(b.shape[0],1)\n",
        "   x=sustRegresiva(A1,b1)\n",
        "   return x\n",
        "\n",
        "def GaussElimWithPiv(A,b):\n",
        "   Ab= np.append(A,b,axis=1)\n",
        "   escalonaConPiv(Ab)\n",
        "   A1= Ab[:,0:Ab.shape[1]-1].copy()\n",
        "   b1= Ab[:,Ab.shape[1]-1].copy()\n",
        "   b1= b1.reshape(b.shape[0],1)\n",
        "   x= sustRegresiva(A1,b1)\n",
        "   return x\n",
        "\n",
        "def LUdeComposition(A):\n",
        "   nrows= A.shape[0]\n",
        "   U=A.copy()\n",
        "   L= np.eye(nrows,nrows,dtype=np.float64)\n",
        "   for col in range (0,nrows-1):\n",
        "      for row in range (col+1,nrows):\n",
        "         mult=U[row,col]/U[col,col]\n",
        "         L[row,col]=mult\n",
        "         operacionFila(U,row,col,mult)\n",
        "   return (L,U)\n",
        "\n",
        "def solveByLU(A,b):\n",
        "   LU= LUdeComposition(A)\n",
        "   L=LU[0]\n",
        "   U=LU[1]\n",
        "   Y=sustProgresiva(L,b)\n",
        "   X=sustRegresiva(U,Y)\n",
        "   return X\n",
        "\n",
        "def transpuesta(A):\n",
        "    A = A.astype(float)\n",
        "    filas, columnas = A.shape\n",
        "    At = np.zeros((columnas, filas))\n",
        "    for i in range(filas):\n",
        "        for j in range(columnas):\n",
        "            At[j, i] = A[i, j]\n",
        "    return At\n",
        "\n",
        "\n",
        "\n",
        "def escalonaConPivot(A):\n",
        "    nfila, ncol = A.shape\n",
        "    nCambios = 0\n",
        "    tol = 1e-12\n",
        "\n",
        "    for j in range(min(nfila, ncol)):\n",
        "        imax_rel = np.argmax(np.abs(A[j:nfila, j]))\n",
        "        imax = j + imax_rel\n",
        "\n",
        "        if abs(A[imax, j]) < tol:\n",
        "            continue\n",
        "\n",
        "        if imax != j:\n",
        "            interCambiaFilas(A, j, imax)\n",
        "            nCambios += 1\n",
        "\n",
        "        for i in range(j + 1, nfila):\n",
        "            if abs(A[j, j]) > tol:\n",
        "                ratio = A[i, j] / A[j, j]\n",
        "                operacionFila(A, i, j, ratio)\n",
        "\n",
        "    return nCambios\n",
        "\n",
        "def Rank(A):\n",
        "   A= A.copy().astype(float)\n",
        "   escalonaConPivot(A)\n",
        "   tolerancia= 1e-12\n",
        "   rango= np.sum(np.abs(np.diag(A))>tolerancia)\n",
        "   return rango\n",
        "\n",
        "def multiDeterminante(A):\n",
        "   d=1\n",
        "   for k in range(len(A)):\n",
        "      d*=A[k][k]\n",
        "      if nCambios % 2 == 1:\n",
        "        d = -d\n",
        "   return d\n",
        "\n",
        "def Determinante(A):\n",
        "   A = A.astype(np.float64)\n",
        "   n = A.shape[0]\n",
        "   escalonaConPiv(A)\n",
        "   return multiDeterminante(A)\n",
        "\n",
        "def Inversa(A):\n",
        "    n = A.shape[0]\n",
        "    M = np.hstack((A.astype(float), np.eye(n)))\n",
        "    escalonaConPiv(M)\n",
        "\n",
        "    for j in range(n - 1, -1, -1):\n",
        "        piv = M[j, j]\n",
        "        if abs(piv) < 1e-12:\n",
        "            print(\" La matriz no tiene inversa.\")\n",
        "            return None\n",
        "        M[j, :] /= piv\n",
        "        for i in range(j):\n",
        "            ratio = M[i, j]\n",
        "            M[i, :] -= ratio * M[j, :]\n",
        "\n",
        "    A_inv = M[:, n:]\n",
        "    return A_inv\n",
        "\n",
        "def qr_factorization(A):\n",
        "    A = A.astype(float)\n",
        "    m, n = A.shape\n",
        "    Q = np.zeros((m, n))\n",
        "    R = np.zeros((n, n))\n",
        "\n",
        "    for j in range(n):\n",
        "        R[j, j] = np.sqrt(np.sum(A[:, j]**2))\n",
        "\n",
        "        if R[j, j] == 0:\n",
        "            print(\"A has linearly dependent columns\")\n",
        "            return None, None\n",
        "\n",
        "        Q[:, j] = A[:, j] / R[j, j]\n",
        "\n",
        "        for k in range(j + 1, n):\n",
        "            R[j, k] = np.dot(Q[:, j], A[:, k])\n",
        "            A[:, k] = A[:, k] - Q[:, j] * R[j, k]\n",
        "\n",
        "    return Q, R\n",
        "\n",
        "def solveByQR(A, b):\n",
        "    QR = qr_factorization(A)\n",
        "    Q=QR[0]\n",
        "    R=QR[1]\n",
        "    Qtb = np.dot(transpuesta(Q), b)\n",
        "    x = sustRegresiva(R, Qtb)\n",
        "    return x"
      ],
      "metadata": {
        "colab": {
          "base_uri": "https://localhost:8080/"
        },
        "id": "Rk2XQU68ZypF",
        "outputId": "18fdbfa3-9de7-4cfa-bc0b-4dde15c685d1"
      },
      "execution_count": null,
      "outputs": [
        {
          "output_type": "stream",
          "name": "stdout",
          "text": [
            "Overwriting /content/libreria.py\n"
          ]
        }
      ]
    },
    {
      "cell_type": "code",
      "source": [
        "import numpy as np\n",
        "import libreria as lb\n",
        "import time\n",
        "\n",
        "#A=np.array([[1,2],[3,4]])\n",
        "#print(A)\n",
        "\n",
        "#print(\"\\n\", A[[2,4],:]) # los : indica toda la fila  extrae toda la fila 2 y 4\n",
        "\n",
        "n=500 #tamaño del sistema lineal\n",
        "#A1=np.random.uniform(0,5, size=(n, n)) # matriz de orden 4x4 con numeros flotantes de 0 a 5\n",
        "A=np.random.rand(3,3)\n",
        "b= np.random.uniform(0,6, size=(3,1))\n",
        "#A[i][i]=0. # aqui en la parte de ratio la division se da entre cero y las respuestas salen nan o inf\n",
        "#print(A)\n",
        "#operacionFila(A,2,0,2)\n",
        "#interCambiaFilas(A,1,2)\n",
        "#reescalaFila(A,0,3)\n",
        "#escalonarMatriz(A)\n",
        "#B=ceros_en_diagonal(A)\n",
        "#print(\"\\n\",B)\n",
        "#escalonaConPiv(B)\n",
        "#print(\"\\n\",B)\n",
        "\"\"\"\n",
        "A=np.array([[1,2,1],[1,0,1],[0,1,2]])\n",
        "b=np.array([[0],[2],[1]])\n",
        "print(A)\n",
        "print(b)\"\"\"\n",
        "start_time=time.perf_counter() #para ver cuanto tiempo se toma en hacer los calculos\n",
        "sol= lb.GaussElimSimple(A,b)\n",
        "end_time= time.perf_counter()\n",
        "elapsed_time=end_time-start_time\n",
        "print(f'Tiempo transcurrido: {elapsed_time:.4f} segundos')\n",
        "#print(\"\\n\",sol)\n",
        "residuo= A@sol - b\n",
        "#print(\"\\n\",residuo)\n",
        "print(\"norma del residuo\",np.linalg.norm(residuo))\n",
        "\n",
        "x= np.array([[2,1,-1,2],[4,5,-3,6],[-2,5,-2,6],[4,11,-4,8]])\n",
        "y= np.array([[1,-2,-1,3],[-1,3,-2,-2],[2,0,1,1],[1,-2,2,3]])\n",
        "z= np.array([[1,4,0,0],[2,3,0,1],[0,4,1,5],[0,0,2,3]])\n",
        "m= np.array([[0,4,-2,4],[-6,2,10,0],[5,8,-5,2],[0,-2,1,0]])\n",
        "ra= np.array([[1,2,3,-1],[0,5,1,7],[2,-1,5,-9],[4,-2,10,-18]])\n",
        "re= np.zeros((n,n))\n",
        "descpmqr= np.array([[1,1,2],[1,0,-2],[-1,2,3]])\n",
        "descomp2= np.array([[2,1,0,0],[1,2,1,0],[0,1,2,1],[0,0,1,2]])\n",
        "invers=np.array([[2,-1,3],[4,0,1],[6,1,2]])\n",
        "d=lb.Determinante(A)\n",
        "print(\"determinante\", d)\n",
        "d2=np.linalg.det(A)\n",
        "print(\"determinatecon numpy2\", d2)\n",
        "\n",
        "r=lb.Rank(A)\n",
        "print(\"el rango es:\",r)\n",
        "r1= np.linalg.matrix_rank(A)\n",
        "print(\"el rango con numpy es:\",r1)\n",
        "\n",
        "r2=lb.Inversa(invers)\n",
        "print(\"la inversa es:\",r2)\n",
        "r3= np.linalg.inv(invers)\n",
        "print(\"la inversa con numpy es:\",r3)\n",
        "\n",
        "QR= lb.qr_factorization(descomp2)\n",
        "Q=QR[0]\n",
        "print(\"Q: \\n\", Q)\n",
        "R=QR[1]\n",
        "print(\"R: \\n\",R)\n",
        "print(\"A=QR: \\n\", Q@R)\n",
        "\n",
        "QRE= lb.qr_factorization(A)\n",
        "Q=QRE[0]\n",
        "R=QRE[1]\n",
        "print(\"A=QR: \\n\", Q@R)\n",
        "\n",
        "QR2=np.linalg.qr(descomp2)\n",
        "Q2=QR2[0]\n",
        "print(\"Q: \\n\", Q2)\n",
        "R2=QR2[1]\n",
        "print(\"R: \\n\",R2)\n",
        "print(\"A=QR: \\n\", Q2@R2)\n",
        "#print(\"la matriz Q2 es:\\n\",Q2)\n",
        "\n",
        "\n",
        "n1=4\n",
        "A1= np.random.rand(n1,n1)\n",
        "b1= np.random.rand(n1,1)\n",
        "X= lb.solveByQR(A1,b1)\n",
        "print(X)\n",
        "\n",
        "A2=np.array([[1,0,0,1],[0,1,-1,-1],[0,-1,1,0],[1,-1,0,0]])\n",
        "b2=np.array([[0],[0],[1],[0]])\n",
        "X1= lb.solveByQR(A2,b2)\n",
        "print(X1)\n",
        "A3=np.array([[4,-1,0,0,0],[-1,4,-1,0,0],[0,-1,4,-1,0],[0,0,-1,4,-1],[0,0,0,-1,4]])\n",
        "b3=np.array([[100],[200],[200],[200],[100]])\n",
        "X2= lb.solveByQR(A3,b3)\n",
        "print(X2)\n",
        "\n",
        "print(\"||Ax-b||_1:\\n\", np.linalg.norm(A2@X1-b2,1))\n",
        "\n"
      ],
      "metadata": {
        "colab": {
          "base_uri": "https://localhost:8080/"
        },
        "id": "Z6NmE3OZc2ab",
        "outputId": "9c7a06f8-d9ea-45f7-ac03-1270178e98b1"
      },
      "execution_count": null,
      "outputs": [
        {
          "output_type": "stream",
          "name": "stdout",
          "text": [
            "Tiempo transcurrido: 0.0002 segundos\n",
            "norma del residuo 4.839668336948288e-15\n",
            "determinante -0.0678695507440197\n",
            "determinatecon numpy2 0.06786955074401961\n",
            "el rango es: 3\n",
            "el rango con numpy es: 3\n",
            "la inversa es: [[-0.08333333  0.41666667 -0.08333333]\n",
            " [-0.16666667 -1.16666667  0.83333333]\n",
            " [ 0.33333333 -0.66666667  0.33333333]]\n",
            "la inversa con numpy es: [[-0.08333333  0.41666667 -0.08333333]\n",
            " [-0.16666667 -1.16666667  0.83333333]\n",
            " [ 0.33333333 -0.66666667  0.33333333]]\n",
            "Q: \n",
            " [[ 0.89442719 -0.35856858  0.19518001 -0.18257419]\n",
            " [ 0.4472136   0.71713717 -0.39036003  0.36514837]\n",
            " [ 0.          0.5976143   0.58554004 -0.54772256]\n",
            " [ 0.          0.          0.68313005  0.73029674]]\n",
            "R: \n",
            " [[2.23606798 1.78885438 0.4472136  0.        ]\n",
            " [0.         1.67332005 1.91236577 0.5976143 ]\n",
            " [0.         0.         1.46385011 1.95180015]\n",
            " [0.         0.         0.         0.91287093]]\n",
            "A=QR: \n",
            " [[ 2.00000000e+00  1.00000000e+00 -3.76090281e-17  3.28179204e-17]\n",
            " [ 1.00000000e+00  2.00000000e+00  1.00000000e+00 -4.39811348e-17]\n",
            " [ 0.00000000e+00  1.00000000e+00  2.00000000e+00  1.00000000e+00]\n",
            " [ 0.00000000e+00  0.00000000e+00  1.00000000e+00  2.00000000e+00]]\n",
            "A=QR: \n",
            " [[0.631043   0.51814608 0.79511971]\n",
            " [0.47527914 0.00169041 0.89310756]\n",
            " [0.73309734 0.87948184 0.43673556]]\n",
            "Q: \n",
            " [[-0.89442719  0.35856858 -0.19518001 -0.18257419]\n",
            " [-0.4472136  -0.71713717  0.39036003  0.36514837]\n",
            " [-0.         -0.5976143  -0.58554004 -0.54772256]\n",
            " [-0.         -0.         -0.68313005  0.73029674]]\n",
            "R: \n",
            " [[-2.23606798 -1.78885438 -0.4472136   0.        ]\n",
            " [ 0.         -1.67332005 -1.91236577 -0.5976143 ]\n",
            " [ 0.          0.         -1.46385011 -1.95180015]\n",
            " [ 0.          0.          0.          0.91287093]]\n",
            "A=QR: \n",
            " [[ 2.00000000e+00  1.00000000e+00 -1.58736187e-17 -3.88188520e-17]\n",
            " [ 1.00000000e+00  2.00000000e+00  1.00000000e+00  1.33148855e-16]\n",
            " [ 0.00000000e+00  1.00000000e+00  2.00000000e+00  1.00000000e+00]\n",
            " [ 0.00000000e+00  0.00000000e+00  1.00000000e+00  2.00000000e+00]]\n",
            "[[ 1.84889607]\n",
            " [ 0.66502719]\n",
            " [ 0.27159618]\n",
            " [-1.45092752]]\n",
            "[[ 1.]\n",
            " [ 1.]\n",
            " [ 2.]\n",
            " [-1.]]\n",
            "[[46.15384615]\n",
            " [84.61538462]\n",
            " [92.30769231]\n",
            " [84.61538462]\n",
            " [46.15384615]]\n",
            "||Ax-b||_1:\n",
            " 5.551115123125783e-16\n"
          ]
        }
      ]
    }
  ]
}